0.0 0.39564805834468353 0.21092198850282168 0.08104687152781692 0.05789190492256688
0.0 0.4299006342185886 0.13511731368919536 0.06978312208785659 0.05518247783003592
0.0 0.40564815963493517 0.463576013445698 0.09562506067006743 0.10939436068346436
0.0 0.262292890215765 0.4440069088973928 0.11815232430287434 0.11481315828124972
0.0 0.20664898604598714 0.8121102360884861 0.09636736383460831 0.11597234048401317
0.0 0.5349609284270185 0.6047624640014391 0.10839914509110005 0.10606766651499644
0.0 0.6524646790424529 0.29272284564851847 0.04463192501607682 0.04593282583126773
0.0 0.6793506592203729 0.25416200713937415 0.04275029142328812 0.048679921824944405
0.0 0.7452673521682311 0.3666804552162314 0.09151652564988677 0.0924074620004211
0.0 0.7709930225861985 0.5023796844272512 0.10723402719908359 0.1345848090244991
