0.0 0.6683333516120911 0.6116666793823242 0.2633333206176758 0.19666671752929688
0.0 0.32499997317790985 0.8516666889190674 0.4366666376590729 0.27666664123535156
0.0 0.8016666769981384 0.9366666674613953 0.33000004291534424 0.12000000476837158
0.0 0.9183333516120911 0.7450000047683716 0.15666663646697998 0.1366666555404663
0.0 0.34166665375232697 0.45500001311302185 0.38999995589256287 0.16333335638046265
0.0 0.6866666674613953 0.38333332538604736 0.15333330631256104 0.06666666269302368
0.0 0.8766666650772095 0.43666666746139526 0.13999998569488525 0.10000002384185791
0.0 0.971666693687439 0.5133333057165146 0.04999995231628418 0.0599999725818634
0.0 0.6266666650772095 0.18333333730697632 0.15333330631256104 0.0533333420753479
0.0 0.4816666543483734 0.2783333361148834 0.1899999976158142 0.06333333253860474
0.0 0.40166667103767395 0.21833333373069763 0.08333331346511841 0.036666661500930786
0.0 0.21666666865348816 0.22833334654569626 0.19333332777023315 0.07000000774860382
0.0 0.6933333277702332 0.125 0.10000002384185791 0.036666661500930786
0.0 0.5866666436195374 0.1066666692495346 0.13333332538604736 0.03999999165534973
0.0 0.3400000035762787 0.15666666626930237 0.24666666984558105 0.06666666269302368
0.0 0.75 0.0683333370834589 0.18000006675720215 0.07000000402331352
0.0 0.5683333277702332 0.34333333373069763 0.1366666555404663 0.0533333420753479
0.0 0.6883333325386047 0.28166666626930237 0.06333339214324951 0.036666691303253174
0.0 0.0416666679084301 0.7099999785423279 0.0833333358168602 0.1066666841506958
