0.0 0.6893146914708257 0.7706680809462291 0.28782938280732273 0.2629885431505934
0.0 0.6484883067769975 0.45421248952229315 0.21825782405824412 0.13921562483489758
0.0 0.7304339558491468 0.3281404953188416 0.18488754513037808 0.09331779638899645
0.0 0.7300854644874177 0.2516563994893701 0.1270359267143203 0.06941358192219935
0.0 0.650196427245726 0.24108474749712022 0.10987753207555362 0.05885248338636395
0.0 0.6002959370644007 0.22638732435881626 0.09807140941275172 0.04963508751783283
0.0 0.6592532714279863 0.17074729000020955 0.06863370024145787 0.04224445264846363
0.0 0.4249169089886803 0.42696448148290017 0.12813736650541652 0.07594341178375275
0.0 0.42177178413464766 0.38351274102359045 0.09224581895684553 0.060679156689761704
0.0 0.505563223042674 0.309726677023666 0.07721289263701697 0.0475249727257393
0.0 0.360301805032717 0.3581072218768959 0.09382057722788373 0.05482121471208201
0.0 0.3163387217789307 0.4116844181282284 0.06650821715104749 0.04483745050472465
0.0 0.12571150995883207 0.8526109390204881 0.13694893117013796 0.12818211821823922
