0.0 0.8021531890708814 0.5289825031744426 0.21254369940530093 0.1489397476823942
0.0 0.5798021533247261 0.6586154844102534 0.1681150514576995 0.14411959736001512
0.0 0.722740976046921 0.8250137825204146 0.1470523895023227 0.1849934420399244
0.0 0.35533421967121737 0.9649602002719753 0.11572196960485176 0.07007959945604947
0.0 0.8848101682653398 0.4035925962712001 0.0827916464041748 0.07012413824237351
0.0 0.9642839342818843 0.3648880730451921 0.0714321314362315 0.06365012013768018
0.0 0.6969132484828351 0.3639508895021779 0.13404188172712594 0.07208782683731502
0.0 0.8078738387182411 0.3500919371368983 0.07929291578059983 0.04816509942064484
0.0 0.8193878901379078 0.30154653379262003 0.04616923064407885 0.03737821986399137
0.0 0.30740897696258124 0.46806308747380787 0.09079122219080327 0.0458159597142912
0.0 0.10203892829233381 0.5194522223404595 0.07206691750107139 0.08694356162835848
