0.0 0.2644643040227616 0.3762019440800044 0.34725649224690947 0.19923619721382235
0.0 0.27171876505738474 0.4956611022389019 0.20864134340265458 0.1438115657536168
0.0 0.4658437695816746 0.6281523716277158 0.20205564386232128 0.1670305496436193
0.0 0.25063797507372854 0.7839197690593589 0.3454929808377369 0.2329354386545105
0.0 0.7096401378740808 0.49810025512635825 0.08663227230274484 0.07380963403751073
0.0 0.9058747934551157 0.3769513754721605 0.16982978498725243 0.11575846990935085
0.0 0.45000971550975544 0.1688731953915771 0.08738452618126613 0.04917211511079661
0.0 0.7950431466211598 0.13849064240895803 0.07051938654503065 0.04817360479191089
0.0 0.8388275770342108 0.24295254799593516 0.07444734382859852 0.03982110257596133
0.0 0.8591736576104485 0.271780220467279 0.07609380511353181 0.03401636545473935
