0.0 0.42124998569488525 0.7166666388511658 0.22249996662139893 0.1066666841506958
0.0 0.6549999713897705 0.846666693687439 0.12999999523162842 0.12000000476837158
0.0 0.574999988079071 0.6383333206176758 0.11500000953674316 0.06333327293395996
0.0 0.543749988079071 0.5683333277702332 0.09249997138977051 0.04999995231628418
0.0 0.4300000071525574 0.6083333492279053 0.09500002861022949 0.04999995231628418
0.0 0.41749998927116394 0.5066666454076767 0.08499997854232788 0.03333333134651184
0.0 0.6162499785423279 0.47999998927116394 0.1625000238418579 0.04000002145767212
0.0 0.7237499952316284 0.5166666358709335 0.09749996662139893 0.03999999165534973
0.0 0.5262500047683716 0.4333333373069763 0.08749997615814209 0.026666641235351562
0.0 0.07750000059604645 0.6566666960716248 0.1550000011920929 0.08666670322418213
0.0 0.12999999523162842 0.5816666483879089 0.09999999403953552 0.04333329200744629
0.0 0.17874998971819878 0.5383333563804626 0.11249998956918716 0.04999995231628418
0.0 0.24375000596046448 0.46833333373069763 0.06749999523162842 0.023333311080932617
0.0 0.3100000023841858 0.4350000023841858 0.06999999284744263 0.023333311080932617
0.0 0.26625001430511475 0.39500001072883606 0.10750001668930054 0.029999971389770508
0.0 0.39625000953674316 0.3499999940395355 0.10250002145767212 0.026666641235351562
0.0 0.35499998927116394 0.3733333349227905 0.06499999761581421 0.019999980926513672
0.0 0.5112500190734863 0.3866666555404663 0.05750000476837158 0.019999980926513672
