0.0 0.6568247242045896 0.49949963343314707 0.11214794214998869 0.12208430181730873
0.0 0.6282064940296108 0.40653127335558525 0.08131810048596932 0.08754544985448748
0.0 0.5221753425451332 0.48363241057544426 0.07184421354027526 0.07195383231566027
0.0 0.4195097573334047 0.5362046246546602 0.07354162651419843 0.07243319901726403
0.0 0.40382509344549644 0.4075844411450084 0.07258430115616926 0.08184991938290864
0.0 0.2779827755168799 0.45154445258885495 0.0682320296747283 0.09030784353685695
0.0 0.5313755788551998 0.6646091123429722 0.16507369935630306 0.18546632398529872
0.0 0.5092819662927671 0.8443184083681786 0.11560139880178372 0.16826582609542728
0.0 0.07962702160599228 0.24107141910542193 0.15925404321198455 0.1412022703370273
0.0 0.469790739857266 0.2003276280938487 0.11282936295304735 0.08675750120307088
0.0 0.634312470100175 0.24481039437913835 0.07110418932034335 0.0620578208914489
0.0 0.70709099413236 0.15183754278894457 0.06844937505161797 0.07099512424048612
0.0 0.7662044724841557 0.18903685855415694 0.05996220695815346 0.06859826158100196
0.0 0.848574038683857 0.20114249643625343 0.1014406756232008 0.08999925325805383
0.0 0.7553175987239997 0.31000355183864 0.1009766252786547 0.10601328391985443
0.0 0.6411608160957784 0.2900332275811257 0.05752470857378911 0.05822283730467814
0.0 0.23415238869893046 0.3173995243152733 0.06091965138902211 0.05918158927758216
