0.0 0.6513453808639391 0.7904001320599245 0.14600423969932352 0.12709790057781
0.0 0.5402400534439049 0.7486988207729276 0.08702749702236756 0.0748391473009622
0.0 0.7505808644489481 0.5532154099123421 0.1399148444827052 0.1096085521573329
0.0 0.5739505251253184 0.5739249995560787 0.07283240757470089 0.061901781175398685
0.0 0.4483507790942355 0.6097878493798834 0.08245553191992466 0.051270501700391935
0.0 0.3202953468941241 0.6327282476564664 0.05170943543000828 0.04414283195352353
0.0 0.4382883914742009 0.5885101581686902 0.11911124441948295 0.05333708646655999
0.0 0.5695979445988952 0.4771197327536209 0.08820545885424524 0.0654656455014867
0.0 0.8052546781050401 0.4073108642694445 0.03751428707703419 0.03120545217232157
0.0 0.6943591797660899 0.4549429466699586 0.06776125262739874 0.054295123456768346
0.0 0.6368099557336333 0.4092583440917947 0.03312198337095262 0.03018721266165192
0.0 0.2240844443677018 0.833796306407598 0.2034435119319975 0.14362921414945573
