0.0 0.35553470253944397 0.5249999761581421 0.06941837072372437 0.04333329200744629
0.0 0.12195121869444847 0.8183333277702332 0.1538461521267891 0.17666661739349365
0.0 0.20262664556503296 0.8883333206176758 0.08255159854888916 0.10333335399627686
0.0 0.32926830649375916 0.7283333539962769 0.09193247556686401 0.09000003337860107
0.0 0.4277673661708832 0.7450000047683716 0.09380865097045898 0.08333337306976318
0.0 0.5656660199165344 0.7649999856948853 0.07692313194274902 0.06333327293395996
0.0 0.4859287142753601 0.8766666650772095 0.09005630016326904 0.10000002384185791
0.0 0.345215767621994 0.8949999809265137 0.09756094217300415 0.11000001430511475
0.0 0.401500940322876 0.971666693687439 0.12757974863052368 0.04999995231628418
0.0 0.6341463327407837 0.9483333230018616 0.1275796890258789 0.08333337306976318
0.0 0.4587242007255554 0.5699999928474426 0.04315197467803955 0.039999961853027344
0.0 0.4212007522583008 0.5433333516120911 0.03564727306365967 0.019999980926513672
0.0 0.5272045135498047 0.5199999809265137 0.1538461446762085 0.13333332538604736
0.0 0.7720450162887573 0.7066666483879089 0.32457780838012695 0.23333334922790527
0.0 0.9333958625793457 0.9066666960716248 0.12945592403411865 0.1799999475479126
