0.0 0.5933102585509209 0.19574726613811375 0.26827289808854776 0.24778560986045745
0.0 0.2290726935958965 0.22805949632104044 0.20015070431156345 0.1596457622858992
0.0 0.2542748017095026 0.34896878109011964 0.2707166794101897 0.2519109154954843
0.0 0.4817352680648158 0.41480856752482437 0.2027306414334613 0.21527081361961964
0.0 0.7285362434506357 0.4293669364974084 0.22986424723243826 0.2244530951539394
0.0 0.8805983610067665 0.6803361572723665 0.23880327798646717 0.41896389707455467
0.0 0.44046307817512903 0.7443573206943725 0.4447298878929383 0.47241582242411384
0.0 0.7917716536414556 0.06737133777223384 0.16757360963089807 0.13474267554446767
0.0 0.9301728251163026 0.08599841950881959 0.13965434976739466 0.17199683901763918
0.0 0.6969007064321731 0.03043687141385932 0.1799320872813237 0.06087374282771864
