0.0 0.6552315652370453 0.5433333516120911 0.1063464879989624 0.09333336353302002
0.0 0.6337907314300537 0.44333332777023315 0.0771869421005249 0.06666666269302368
0.0 0.523156076669693 0.48999999463558197 0.06861060857772827 0.05333331227302551
0.0 0.4176672101020813 0.5133333057165146 0.07032585144042969 0.05333331227302551
0.0 0.41166383028030396 0.3816666603088379 0.06861066818237305 0.06333333253860474
0.0 0.2838764786720276 0.38999998569488525 0.06346487998962402 0.07333332300186157
0.0 0.5188679099082947 0.67166668176651 0.156089186668396 0.1433333158493042
0.0 0.48370498418807983 0.8433333039283752 0.1063464879989624 0.13999998569488525
0.0 0.09862780570983887 0.125 0.1629502773284912 0.09666666388511658
0.0 0.49228133261203766 0.19499999284744263 0.10977700352668762 0.056666672229766846
0.0 0.6518010199069977 0.2849999964237213 0.06861060857772827 0.043333351612091064
0.0 0.7307032570242882 0.2133333384990692 0.06518010795116425 0.0533333420753479
0.0 0.7864494025707245 0.2666666805744171 0.05660378932952881 0.0533333420753479
0.0 0.867066890001297 0.3016666769981384 0.09777015447616577 0.06333333253860474
0.0 0.7667238339781761 0.38333332538604736 0.09605489671230316 0.07999998331069946
0.0 0.6552315652370453 0.3316666781902313 0.05488848686218262 0.043333351612091064
0.0 0.25042879581451416 0.24500001221895218 0.058319091796875 0.04333333671092987
