0.0 0.3533252654144192 0.8075465554004702 0.26340772403559476 0.21071867440714032
0.0 0.34719728541911804 0.4872824386717447 0.20932651771677968 0.09592833798297112
0.0 0.2481227054685871 0.3810793729940173 0.1812411817871552 0.055156052072132034
0.0 0.23727566249935123 0.30574760678339213 0.12368730923694851 0.043513870356144846
0.0 0.31433512865213714 0.2779491585761539 0.10717000177395086 0.03637906550967057
0.0 0.361284000313128 0.2526214701984557 0.09611561908765415 0.029400876670955617
0.0 0.29513306383322213 0.21071342206474108 0.06606934960240385 0.02853925259761869
0.0 0.5631919751864958 0.4117872970212125 0.12381572061027524 0.05017868968829586
0.0 0.5599294256647478 0.3683484451895583 0.08817799465053888 0.042495567269234535
0.0 0.46668834326414527 0.3139936156522153 0.0743280027598584 0.032106625226763275
0.0 0.6166953595453877 0.3299652554426896 0.09078110568428066 0.035909079995347204
0.0 0.6677910277841779 0.3731087253124588 0.0634020323079546 0.03179330041133799
0.0 0.9198664254699983 0.7654438453766784 0.12484304998759521 0.10349730500169718
