0.0 0.6014933866212011 0.5450512235939191 0.2980380327393189 0.1402133610413387
0.0 0.6965684450298866 0.43026133070524586 0.14829003448418965 0.11617442937789263
0.0 0.8612892127288412 0.46125532847896555 0.10044231097108891 0.05126098641611376
0.0 0.7993366550797634 0.6123336464244491 0.2699980069274196 0.19628580945521468
0.0 0.5938611703783223 0.7751140579450012 0.4896121737842315 0.17242163348637263
0.0 0.21367972251137968 0.7491475899904241 0.40702462025544817 0.2880717548943049
0.0 0.18401556433205574 0.9614677685465709 0.10464658199902466 0.07706446290685831
0.0 0.0736287515001543 0.542981112084012 0.11226179971689387 0.04604472372115087
0.0 0.18229321649833113 0.6039249071562953 0.1834028446498136 0.1334515774162548
0.0 0.26159869805350155 0.5127185874157063 0.221024629211996 0.07519869952712671
