0.0 0.8379627544917021 0.5131575182923411 0.3240744910165959 0.14670658886016602
0.0 0.817546671818729 0.6320944409300413 0.2085513586172726 0.11495407599108187
0.0 0.5883624865814029 0.7098075250772095 0.1971193098181958 0.14219748606028815
0.0 0.771411865210669 0.9190244141235313 0.34625320480779964 0.16195117175293727
0.0 0.37010358978120206 0.5070134035690681 0.08413242779537439 0.06340849757490696
0.0 0.19828902552816288 0.32709430293036323 0.16998385016040135 0.09212311271918455
0.0 0.7123003462055686 0.24902438667152502 0.08927893945776766 0.035845277384102314
0.0 0.36734580628519253 0.11773990309423846 0.07056474503151539 0.03837131329880637
0.0 0.29815225924319566 0.21083983765585873 0.07642310415413972 0.028234977067920913
0.0 0.27062532481365836 0.23412521855013332 0.07928115557477414 0.021424126545995348
