0.0 0.5982801020145416 0.5566666722297668 0.29238325357437134 0.1066666841506958
0.0 0.7002457082271576 0.4533333331346512 0.14250612258911133 0.09999999403953552
0.0 0.8624078631401062 0.5033333152532578 0.09828010201454163 0.03999999165534973
0.0 0.7911547943949699 0.6466666460037231 0.26044224202632904 0.16666662693023682
0.0 0.5761670768260956 0.7850000262260437 0.48402947187423706 0.11666667461395264
0.0 0.1990172266960144 0.7149999737739563 0.3931204080581665 0.2433333396911621
0.0 0.15479117631912231 0.9433333277702332 0.09828007221221924 0.1066666841506958
0.0 0.07248157262802124 0.4933333247900009 0.11056506633758545 0.03333333134651184
0.0 0.17690420150756836 0.5666666626930237 0.17690420150756836 0.11333334445953369
0.0 0.2616707682609558 0.48499999940395355 0.2186732292175293 0.04999998211860657
