0.0 0.7187499925494194 0.6433333158493042 0.4125000089406967 0.2666666507720947
0.0 0.746874988079071 0.4166666567325592 0.07708334922790527 0.04000002145767212
0.0 0.8656249940395355 0.8983333110809326 0.12708333134651184 0.19666671752929688
0.0 0.3604166507720947 0.7149999737739563 0.14166665077209473 0.1433333158493042
0.0 0.3072916865348816 0.871666669845581 0.08541667461395264 0.1366666555404663
0.0 0.18958336114883423 0.824999988079071 0.12083327770233154 0.1433333158493042
0.0 0.17291665077209473 0.6633333563804626 0.1625000238418579 0.12000000476837158
0.0 0.12187498807907104 0.5550000071525574 0.23541665077209473 0.1433333158493042
0.0 0.28854167461395264 0.4566666781902313 0.08541667461395264 0.07999998331069946
0.0 0.23020833730697632 0.398333340883255 0.1312500238418579 0.06999999284744263
0.0 0.3999999761581421 0.5400000214576721 0.14583337306976318 0.14666664600372314
0.0 0.5208333283662796 0.4216666519641876 0.07083335518836975 0.06999999284744263
0.0 0.05208331346511841 0.7933333516120911 0.10000002384185791 0.13333332538604736
0.0 0.5072916746139526 0.7316666841506958 0.06458330154418945 0.11000001430511475
