0.0 0.28375842787764943 0.6527670195166653 0.4168657802733689 0.28445725109371034
0.0 0.2518040472342949 0.4274033075772149 0.07773262812064541 0.043328140117191216
0.0 0.14125706739922214 0.9064949761120509 0.1303681644066096 0.18701004777589825
0.0 0.6431741541574345 0.7088677847539855 0.14404266208651095 0.14942420605602225
0.0 0.69893352451261 0.8631730958471742 0.08770041815985785 0.14032064586888082
0.0 0.8158080760807709 0.8114189927917181 0.12321694273777573 0.14852074133430082
0.0 0.8297300418544546 0.6490889815478128 0.1644731167503558 0.1270029318398369
0.0 0.8789177934832251 0.5385819474251707 0.23775822040757866 0.15348978954928327
0.0 0.7106465767776335 0.44751244880521485 0.0867404886297104 0.08367479172264569
0.0 0.7679703209832223 0.38667084530957196 0.13238760054696408 0.07566609432096433
0.0 0.6006408836546061 0.5356487029067014 0.14826432000601186 0.1529370066307873
0.0 0.47784736381021553 0.42259889268886375 0.07199312764285137 0.07304605153914628
0.0 0.9508051034694103 0.7738011320894373 0.09838979306117934 0.1376209650945618
0.0 0.4966354218821406 0.7318977873228971 0.06642296774267581 0.11276033664669438
