0.0 0.5862499997019768 0.47999998927116394 0.39250002801418304 0.30666667222976685
0.0 0.8474999964237213 0.8066666722297668 0.3050000071525574 0.2133333683013916
0.0 0.17250001430511475 0.5149999856948853 0.25 0.12333333492279053
0.0 0.17000001668930054 0.6333333253860474 0.25 0.13333332538604736
0.0 0.20625001192092896 0.8100000023841858 0.2174999713897705 0.25333333015441895
0.0 0.3062499761581421 0.37833333015441895 0.2625000476837158 0.12333333492279053
0.0 0.3349999785423279 0.2750000059604645 0.1549999713897705 0.056666672229766846
0.0 0.6212500035762787 0.16500000655651093 0.17250001430511475 0.06999999284744263
0.0 0.42500002682209015 0.19499999284744263 0.17499998211860657 0.07666665315628052
0.0 0.26125001907348633 0.15833333134651184 0.13750004768371582 0.09000000357627869
0.0 0.3424999713897705 0.0949999988079071 0.10500001907348633 0.04999999701976776
0.0 0.45125003159046173 0.07000000216066837 0.11749997735023499 0.04000000283122063
0.0 0.5612500011920929 0.0949999988079071 0.11750000715255737 0.04333333671092987
0.0 0.7400000169873238 0.11333334073424339 0.08499999344348907 0.03333333879709244
0.0 0.7087500095367432 0.06333333253860474 0.0625 0.019999995827674866
0.0 0.6887499988079071 0.023333332501351833 0.05750000476837158 0.019999997690320015
0.0 0.6200000047683716 0.0400000000372529 0.06000000238418579 0.0266666691750288
