0.0 0.3915722872919832 0.5104329491885335 0.07343360491793582 0.05494108648913132
0.0 0.13742150298693637 0.7758523605063851 0.1666016562154293 0.20443827380854085
0.0 0.21700598620898212 0.859840917986613 0.08980435556020755 0.11845186430816179
0.0 0.35484469638683225 0.7149505574484061 0.09880994020089318 0.10620017856130282
0.0 0.45530268525460427 0.7469502809318572 0.10041972188616222 0.09964833214260826
0.0 0.59610328506897 0.7883319649063183 0.08210503743161635 0.0765846513123215
0.0 0.5087933556907662 0.8907624763500256 0.09735960455134762 0.11616994937109992
0.0 0.3632660851942694 0.8882609148167081 0.10555257641290405 0.12755972297591134
0.0 0.4174589414631513 0.9700514278296858 0.13354132217509657 0.05989714434062843
0.0 0.6577302447622366 0.9671519420914141 0.13513572696209353 0.06569611581717183
0.0 0.49549666639677603 0.5721950970224385 0.046272787560667716 0.04754713803142374
0.0 0.4581988208207233 0.5391716636459543 0.037601416319464176 0.025903582230769495
0.0 0.5682848599951592 0.5312922427729088 0.16452885009196572 0.16000525559639384
0.0 0.8110474004216062 0.7597584418181479 0.3448212423646634 0.2883872795308191
0.0 0.9482510631738725 0.9435881146204406 0.10349787365225482 0.11282377075911887
