0.0 0.40944257630840075 0.47470828374180896 0.44992511775853433 0.5144169566423256
0.0 0.19152921281374408 0.799434707796133 0.2964503364697503 0.36210858646515487
0.0 0.7954239558240834 0.5319801058404481 0.2668515632887557 0.2519806864353248
0.0 0.7986492074578214 0.6564818773365757 0.26959129554223016 0.26249149286716567
0.0 0.7638390408690771 0.8233639279856277 0.2674662703752022 0.33868736833769386
0.0 0.6697028444101654 0.381710588542262 0.27850468271682804 0.2580980738617463
0.0 0.6421195359205405 0.2716754706263176 0.16002326878615514 0.1354165998174776
0.0 0.3744324595770503 0.14188480048770183 0.17999059009694585 0.15799533912230973
0.0 0.5576125247519538 0.1831331954147144 0.1841476632552091 0.16622600047658234
0.0 0.7099906021620215 0.15270048934069502 0.15284148395567432 0.16188838019230728
0.0 0.6337668385093951 0.08210945664319506 0.11158452108712502 0.10393994684102058
0.0 0.5321960219293599 0.05044841211471515 0.12049782389180491 0.09954648016521936
0.0 0.4298379986617116 0.07127956219957701 0.1214110967800231 0.10305010080968312
0.0 0.26333761787075805 0.0816998309358282 0.08837335476975275 0.07663413320222796
0.0 0.29212179738078575 0.03090629067827982 0.06368584028826685 0.05118160357931508
0.0 0.3128606337296102 0.00718882910939375 0.05423197623985454 0.01406337799598718
0.0 0.37488304450159354 0.019628785321137952 0.06278008325867901 0.039257570642275905
