0.0 0.5707762837409973 0.1899999976158142 0.07762563228607178 0.03999999165534973
0.0 0.5285388231277466 0.12333333492279053 0.06621003150939941 0.03999999165534973
0.0 0.5890411138534546 0.4416666626930237 0.08675801753997803 0.09000003337860107
0.0 0.7283105254173279 0.3883333206176758 0.10958898067474365 0.09000003337860107
0.0 0.8242009282112122 0.7383333444595337 0.08675801753997803 0.09666669368743896
0.0 0.4771689623594284 0.6116666793823242 0.10045662522315979 0.08333337306976318
0.0 0.3264840245246887 0.3316666781902313 0.04109591245651245 0.036666691303253174
0.0 0.2956621050834656 0.30000001192092896 0.03881275653839111 0.04000002145767212
0.0 0.24315067380666733 0.4266666769981384 0.08447487652301788 0.07333332300186157
0.0 0.232876718044281 0.5666666626930237 0.09589040279388428 0.11333334445953369
