0.0 0.18023610100116028 0.2756005345368792 0.11120329066582 0.12426213928780294
0.0 0.4649903569098615 0.3457309811812411 0.05247356158037397 0.06848033825087801
0.0 0.6695791062779105 0.20742209245200283 0.08574260251692656 0.10157072137063047
0.0 0.750072461545269 0.29870042815549747 0.08716012821246466 0.07682017925136847
0.0 0.7080546263938907 0.347025796576065 0.052322987147109146 0.05566165969844522
0.0 0.6225261036706159 0.25244772758068645 0.05107180741857187 0.05820144044879527
0.0 0.5732021224434916 0.5172968552994284 0.08839563501033909 0.1093100032067661
0.0 0.48519711447864355 0.5829730467012264 0.16149108973176846 0.18842956151825463
0.0 0.6929470996306146 0.512143711138394 0.045916262269781516 0.05554152716210653
0.0 0.7341377697161493 0.6630841135719174 0.19649439626820542 0.18737711266758705
0.0 0.7396351604424878 0.8427229269284118 0.18636496509947065 0.23515568941411846
0.0 0.8082234198496032 0.5581207605133345 0.12571950884222238 0.16041853286452346
