0.0 0.30994471061579953 0.5103468934865699 0.31786376069968797 0.14277418610895704
0.0 0.20351232532362568 0.392886293140311 0.15727331841109551 0.1218887895023063
0.0 0.04118865912982754 0.43957156806067677 0.08237731825965508 0.052507414850447465
0.0 0.12238004792698515 0.5991324988367854 0.2447600958539703 0.20523234275902247
0.0 0.32784520273944934 0.7601449103965165 0.5232811279694748 0.17108731407718136
0.0 0.7328947478414933 0.701990244041219 0.43226659466216866 0.300809531228309
0.0 0.7743145370505637 0.9412720774616974 0.11005567898360791 0.101976407725071
0.0 0.8737773141042174 0.4665887094714213 0.11985805764758517 0.046361669371586034
0.0 0.7602725238026085 0.5414634376849085 0.1947074673033936 0.13954017179460226
0.0 0.6716860063235565 0.44843103138179163 0.23627380386477848 0.07434403923571059
