0.0 0.41145896391614684 0.7429366616737685 0.26924071084040035 0.2526118072154895
0.0 0.42993913298557707 0.39511146998507124 0.2085071761568204 0.12345457406311044
0.0 0.3423719814204351 0.2706027896666972 0.17840395990414748 0.07673999390409994
0.0 0.33763761927415825 0.18789977179295803 0.12219892966575241 0.058717144150739475
0.0 0.4141568271918781 0.16503788808210265 0.10577941732978602 0.0494453618748209
0.0 0.461415771824619 0.14201085586510287 0.09462247031100007 0.040859386465979725
0.0 0.40073888482124337 0.09032382436706364 0.06567816697324247 0.03708717631596381
0.0 0.644234935871767 0.3336574502179956 0.12283061853724864 0.06593134573804904
0.0 0.6443939604942466 0.28625071247830636 0.0879919405575652 0.05425904767133177
0.0 0.558509455169877 0.2185094817548409 0.0738879203173537 0.04172303520389814
0.0 0.7021258965111186 0.2499955145351342 0.08999159386531597 0.04738778118621187
0.0 0.7481726766905572 0.30160001986445173 0.06336266640587185 0.04035130975740392
0.0 0.9488623459320622 0.750798947931514 0.10227530813587549 0.12364502761228324
