0.0 0.7665382774583207 0.7614193648409742 0.44798198822817714 0.35131201860588746
0.0 0.8155293314405565 0.5577442006891908 0.08284391387015133 0.056509053091727046
0.0 0.8950833259159263 0.9639782604427254 0.14814670727268908 0.07204347911454934
0.0 0.39153758823693696 0.7382234208514131 0.15843131721235015 0.16876379568615407
0.0 0.323019758733789 0.8705550647676142 0.09997049168260175 0.14846599995163157
0.0 0.2060484698698886 0.797664884935593 0.13699757968215315 0.1635415603999124
0.0 0.2032058039803107 0.643190494600281 0.17780051286709492 0.15229375431157188
0.0 0.1602786348200974 0.5296817910837041 0.2548829521313425 0.1922638096515223
0.0 0.3404488056932149 0.48004206390809734 0.09495659899694342 0.09578470121984478
0.0 0.2855958109512762 0.4111890849355493 0.14122594431571106 0.09797691092299288
0.0 0.4477456783066774 0.5854534611965382 0.16301304832986385 0.17290715136195955
0.0 0.5825313281263557 0.5057314026478789 0.07906822199050612 0.08283245698061426
0.0 0.06738790119040369 0.7337586675082571 0.11467916113564407 0.14902266499798755
0.0 0.5411704960969181 0.7905346541153226 0.07617727772331662 0.11845259133873431
