0.0 0.01930832087405041 0.6622151375264174 0.03861664174810082 0.12255529538185983
0.0 0.2871211552983024 0.4983914256496948 0.05752366179050944 0.06737271185370586
0.0 0.4683980189312432 0.20790993365637617 0.09404804455486954 0.10007787214807659
0.0 0.5714528120408151 0.22702735512370617 0.09573980039095731 0.0761140025477916
0.0 0.5385613916483586 0.30492512944087424 0.05742398629207246 0.054944693097583375
0.0 0.42958505766595756 0.28681861257287466 0.0560307752812898 0.05738279083905884
0.0 0.43630454090758497 0.5688260899273263 0.09693424998055361 0.10762985701600336
0.0 0.3596737192040218 0.6994387144417002 0.17714877865490436 0.18570606089700203
0.0 0.5589145903742683 0.4682128992236561 0.050357979855644386 0.054706811522325816
0.0 0.6343527362080399 0.573434119607022 0.21576293956434112 0.18534939438814252
0.0 0.684214213532967 0.7513202410173505 0.20561243905274285 0.27032324873719593
0.0 0.6880436808290914 0.4179953933355724 0.13783777585422596 0.15787689198532384
