0.0 0.5609756112098694 0.18333333358168602 0.23639774322509766 0.13999999314546585
0.0 0.227016881108284 0.05166666768491268 0.1801125705242157 0.07666667178273201
0.0 0.2335834875702858 0.18166666850447655 0.23827390372753143 0.1433333232998848
0.0 0.43058159947395325 0.34833332896232605 0.17448407411575317 0.1366666555404663
0.0 0.6519699692726135 0.47333334386348724 0.200750470161438 0.13333335518836975
0.0 0.8105065822601318 0.8149999976158142 0.30393993854522705 0.28333330154418945
0.0 0.34896812587976456 0.653333306312561 0.38273923099040985 0.2999999523162842
0.0 0.7589118480682373 0.13833333551883698 0.14821767807006836 0.0833333432674408
0.0 0.909943699836731 0.22999999672174454 0.17636024951934814 0.1133333295583725
0.0 0.6810506582260132 0.029999999329447746 0.16510319709777832 0.05999999865889549
