0.0 0.6136151392612101 0.8268417685812379 0.13962076147367286 0.10272739400448183
0.0 0.5094180652292575 0.7555286047353266 0.08330191078512594 0.06028392568091001
0.0 0.7399510558590192 0.6206812570261743 0.13485010957133392 0.08587114373595939
0.0 0.5637551573364226 0.5928645020329755 0.06977756854187422 0.04969769918567846
0.0 0.43590185141652 0.5938684076259462 0.08062137500800615 0.036862360365719105
0.0 0.30720046017276087 0.5814954738261537 0.04952382151455603 0.03548429570060552
0.0 0.42858684830756155 0.5702006978703462 0.11825143736691296 0.03187197127311314
0.0 0.5712113453721969 0.49648609330245685 0.08532634587530663 0.05038676130756076
0.0 0.811401974538686 0.49212341514864044 0.0359994196926533 0.024898066565190946
0.0 0.696580891102873 0.5087113192467265 0.06520378335552712 0.042837108133950974
0.0 0.6455298299669884 0.44809025701658733 0.03155690779511411 0.024701199995875778
0.0 0.18821729818976846 0.7529665802589095 0.19743894881680324 0.1086185319211257
