0.0 0.6698153350362306 0.6093998013515904 0.2659463593955973 0.2001795458837483
0.0 0.32973048964870316 0.853981303641537 0.4403366549499351 0.2824961555210739
0.0 0.8074939447406776 0.9325829821326275 0.33157922084626 0.12441352308325748
0.0 0.9211690207078292 0.739369398326261 0.1576619585843415 0.13875479856751516
0.0 0.3410775704940744 0.457126829441388 0.39215471050882805 0.16854739756811743
0.0 0.685085742663482 0.3808411750253959 0.15421332362850604 0.06871640726293271
0.0 0.8757837025330188 0.4316223976626273 0.1413281010483055 0.10186801294119585
0.0 0.9718030607748377 0.5070084819230198 0.0507998768102258 0.0606649282370878
0.0 0.6224097373065143 0.18166358122974777 0.15403456407980542 0.05538428501186232
0.0 0.47869642181107347 0.2785990537574702 0.19083202953106204 0.06587496625820993
0.0 0.3978992099370926 0.2196770021196874 0.08381741282696337 0.03778061396858423
0.0 0.21304990486682265 0.23215640729329826 0.1942544400679595 0.07258573217074221
0.0 0.6882883343364706 0.122441688239406 0.100482625240089 0.038004064203578186
0.0 0.5813854425500893 0.10554008323220336 0.13385762075494012 0.04178399363809723
0.0 0.335411321214746 0.15884264082105753 0.24753829858457418 0.06996772570207319
0.0 0.7441901847465741 0.06502038950436217 0.18092237736623185 0.07240696969620436
0.0 0.5662267594409961 0.342431271065495 0.13736941126596752 0.05516083557598661
0.0 0.6853892151873466 0.27916130851846505 0.06381928944920445 0.03751250524429539
0.0 0.04452332708905281 0.7161259695823561 0.08475592400605159 0.10777434548530462
