0.0 0.2647443512862356 0.5980624113272328 0.20851676965735974 0.12564963062645973
0.0 0.49088049749086105 0.7046972277125506 0.1640413761273864 0.12369816695078217
0.0 0.3538463925506805 0.8654303911732834 0.1414992205879741 0.16265205078416423
0.0 0.7251487733074689 0.9721582660488362 0.11365772765390747 0.05568346790232759
0.0 0.17810276998515526 0.48754343531206523 0.0808142001185066 0.06013182558213476
0.0 0.08855892345307242 0.4569351620613506 0.08769231464296778 0.05377648655564371
0.0 0.36421727171720264 0.44068353201256305 0.13223980164431232 0.059059694714193534
0.0 0.2530649500571197 0.4341390027058518 0.07804045347801564 0.04003866334874967
0.0 0.23995820463172501 0.390210005978181 0.04512480819461781 0.03193718918179611
0.0 0.7562463588048569 0.5145783172023114 0.08967230328817133 0.03722042745527432
0.0 0.9628306161203792 0.5503220317645496 0.06947096314437451 0.07627707965148633
