0.0 0.6965626521460302 0.5368522777058005 0.23711041283808743 0.1977683287573645
0.0 0.4545843554483556 0.6244810686421253 0.19049102736273676 0.1813889995733553
0.0 0.5897054346612376 0.806454507189695 0.17321939195340508 0.2145646853234604
0.0 0.1976294366636288 0.8644202437147019 0.12471000208693306 0.06524641215850824
0.0 0.7928330128757817 0.4306095818625876 0.09371597770175322 0.08852191720338465
0.0 0.8880564599419001 0.40802837780433326 0.09986613291882207 0.0841420968340123
0.0 0.6005578737903763 0.3622989455644003 0.14709085329800875 0.10400443281930372
0.0 0.7171536212408121 0.3670754946760546 0.08762992741407827 0.06676169900665863
0.0 0.7331071136390488 0.3226193876732789 0.0520680006747144 0.047726601574627325
0.0 0.18673410042997082 0.3984571615867936 0.09929273427268703 0.06758897144326192
0.0 0.005532772666395594 0.41417726101734564 0.011065545332791188 0.10162679087540177
