0.0 0.587956119360886 0.7102761318520703 0.22672871529881355 0.1235350134094042
0.0 0.3601939595230487 0.8579677768616445 0.13495607067662763 0.12976038578554328
0.0 0.43108469349035117 0.6438501644021326 0.11753908747172076 0.07203818882703805
0.0 0.4592667681577818 0.5715719045180738 0.0945016811898709 0.05700328576709246
0.0 0.5745524598775404 0.6027920806461133 0.0969976087806611 0.057194801671166084
0.0 0.5826510024161572 0.5003357523433261 0.08629591070244014 0.03978966094192915
0.0 0.3830802425011992 0.4889383096399481 0.16395520862876656 0.05238219953318585
0.0 0.2773377650322459 0.5337793864268707 0.09906251813257116 0.047402865857948284
0.0 0.47092068271897536 0.43545432957064606 0.08850451049573177 0.033325494301314484
0.0 0.924656833608436 0.6240424648637557 0.15068633278312793 0.09839726032135343
0.0 0.8729078569637672 0.5531880448375793 0.10170204818964446 0.050922173838733764
0.0 0.8223711528572268 0.5136608056028977 0.11446866305804904 0.05853537932550179
0.0 0.754462197128357 0.44875571075780385 0.06839393231535928 0.028465579483847536
0.0 0.6868852970604262 0.42055249490188684 0.0708898003999604 0.02865709082193063
0.0 0.7288394149671095 0.3772671250957218 0.10861514818229323 0.03818541368477196
0.0 0.5971151006890048 0.3423000387790155 0.10347977850952839 0.034474566895803915
0.0 0.6393024194002359 0.3624348956773591 0.06575443072719578 0.024946244032962694
0.0 0.48388501960833996 0.3877156644567347 0.0582668264733921 0.02437171001871319
