0.0 0.4290268217790587 0.40870789081414993 0.13608687889965781 0.18208357461673047
0.0 0.47270704549976095 0.3394749149023073 0.09853156064910773 0.13110590485375967
0.0 0.5719125770353721 0.474804877566631 0.08625464261892535 0.11074372697696788
0.0 0.6712499070241725 0.5853139915819061 0.08811196955663947 0.11220846430705844
0.0 0.7067287297834571 0.475176421848179 0.08849732452498027 0.12052257723268789
0.0 0.8315342473077327 0.5915960497007667 0.08516788985026114 0.1259070845559338
0.0 0.5354225909334613 0.6375021972379031 0.2011631234584771 0.27345536815029603
0.0 0.5317810807227745 0.817810820206195 0.14655239540858828 0.2277178356112064
0.0 0.9877675872204867 0.5136367508216 0.024464825559026626 0.22534892793243333
0.0 0.6686754893335951 0.24292030888102317 0.13157864585065748 0.14915752565926174
0.0 0.4903616574226803 0.1854861296507497 0.08401203862194728 0.10096498590689984
0.0 0.4282186931506195 0.05536857153850457 0.08253997929148893 0.1078142687349244
0.0 0.36099747717200964 0.05445326731049569 0.07325323165430953 0.10049049301019868
0.0 0.2732330012915545 0.04448062562563976 0.12007226971849333 0.08896125125127952
0.0 0.3543874302935768 0.173430793409535 0.12195261111273903 0.16025661754191803
0.0 0.476495461300543 0.22340974951969295 0.06915322949404762 0.08924693456742183
0.0 0.8972084901959105 0.4932223146662017 0.07286800911184776 0.09217649645525455
