0.0 0.5760390171950531 0.6548106646614753 0.3317227202673053 0.253811398995755
0.0 0.21930154405178215 0.8199854263398182 0.4386030881035643 0.3600291473203636
0.0 0.6534178706813647 0.9403840430253978 0.37618686493873627 0.11634106956986123
0.0 0.8138470777544712 0.8194616049948289 0.20285486898165983 0.16951742129426617
0.0 0.26202675168011497 0.45619848345961245 0.45549436734709126 0.2554262782688203
0.0 0.6379166043200071 0.4426603993141096 0.1797687078589586 0.10273124398594363
0.0 0.8276088980149788 0.5225944522602014 0.17508402348236785 0.13064649746991724
0.0 0.9131236521565909 0.6096454892460985 0.0693242666327546 0.0695288077169155
0.0 0.6121962706799103 0.24494181930078546 0.1760385003382139 0.09017551283383576
0.0 0.4421052561510458 0.3117272466726547 0.21736432320733273 0.10914618567182038
0.0 0.3692415910098254 0.24271647767173865 0.09782201573656313 0.05624162004341979
0.0 0.17298331422703092 0.22320409446036377 0.2227319860999897 0.11629259791122118
0.0 0.6931341018170117 0.2004353765084419 0.11533485318443049 0.060584298730060604
0.0 0.5844737416277934 0.1664913290112302 0.15129295469910486 0.07240855783019223
0.0 0.31595302554224725 0.1750030974234738 0.2778403720967723 0.12705018872101376
0.0 0.7632532189509789 0.15593466970928904 0.2087218278346087 0.11281847940893372
0.0 0.5210409204104551 0.3864889122965269 0.15852572552097 0.08583284967778337
0.0 0.6586417883427076 0.3471834882816198 0.0768067569241645 0.05103046785101828
