0.0 0.8607144536462766 0.3816836713867655 0.12397251434573997 0.12801275632864234
0.0 0.5462440063450716 0.41015178888877046 0.05863964121419829 0.06967979456294054
0.0 0.32741977061201144 0.25210313323179573 0.09567659443229803 0.10413103750731614
0.0 0.23582873603488813 0.32774563941351875 0.0968962803011604 0.08095935352096711
0.0 0.2800186608360719 0.379049167038491 0.05829845669958933 0.05759148177450474
0.0 0.37724813604842844 0.30095483278867874 0.05695741547637051 0.05986008122983871
0.0 0.42126975629225727 0.5580587087209079 0.09869997207768849 0.111682316324487
0.0 0.5151650061807767 0.6318921719592602 0.18016181605208292 0.1934187816607824
0.0 0.2903330238690842 0.5372578435310273 0.05125178427977767 0.056845804464474514
0.0 0.2395308695914123 0.6745671306199477 0.21863808298432266 0.19588335605763985
0.0 0.2252441636884369 0.8618786207882956 0.21017558234375605 0.27624275842340884
0.0 0.16236078114542932 0.5654198003449744 0.14044257907257068 0.16350452480848499
