0.0 0.3829554914981075 0.6368891231176634 0.22272988411342576 0.1746500882200569
0.0 0.6125661072194268 0.6818276205115128 0.1407217458492841 0.1574354244829287
0.0 0.5039079025962059 0.5142022974102016 0.1166244417142216 0.09814579719803285
0.0 0.46355225336597494 0.45929843870932185 0.0936336633264086 0.07803864235380131
0.0 0.37077151753932064 0.5333835463420837 0.09591630052594913 0.07885000473890763
0.0 0.34110690061029425 0.44296915467074716 0.08372657176093573 0.05959833168957168
0.0 0.511152467539078 0.35368803444805325 0.15571049168656026 0.09115255733994854
0.0 0.6125049777940642 0.3528717641231046 0.09636322513354645 0.07005757096029686
0.0 0.42336795240082964 0.339532641579932 0.08478540958862468 0.0540071220442811
0.0 0.07404309490037997 0.6926955205463499 0.14808618980075994 0.13353624424196042
0.0 0.10181535021676205 0.6059654760433084 0.09925769939212625 0.07407015708434783
0.0 0.1367709817870133 0.5498779490122845 0.11189435956737007 0.08452939877306564
0.0 0.18113497252236663 0.4637373204727263 0.06591287762071013 0.044315115682525164
0.0 0.23332977884563036 0.4112625871300326 0.0681954603991845 0.045126458723687535
0.0 0.18747842374121654 0.3882921574714182 0.10365799597760525 0.06369914774998092
0.0 0.2936446818973588 0.3042871960418906 0.09848096068053724 0.058875199635199715
0.0 0.2616193443653445 0.33935627025848425 0.06301842510211642 0.04030251060890616
0.0 0.40159871829110083 0.3010369104399678 0.05617067676669313 0.03786848148541877
