0.0 0.7661956949301573 0.8006212932033565 0.15454142579721641 0.15828344835682662
0.0 0.6507252761880851 0.7715576334072753 0.09203502218289084 0.09336165295208743
0.0 0.8458155980997233 0.5277490840830237 0.1470195463130166 0.1386181547932972
0.0 0.6697007200855609 0.5762851231257635 0.07695865492129339 0.07735062696500283
0.0 0.5462785722840675 0.6338143031850101 0.08546574962260911 0.06740974302474301
0.0 0.4192759872131415 0.6776333521861251 0.054656106576247476 0.055125103493624095
0.0 0.5343213029615721 0.6121251254054865 0.1216292633330508 0.07516266930624182
0.0 0.6570224544556496 0.47151312243307103 0.09236348202431166 0.08349297875676165
0.0 0.8883774446448205 0.36082860846225795 0.03957968028759573 0.03911405397085371
0.0 0.780772790829789 0.4290102081115525 0.07130906192277275 0.06843156439374498
0.0 0.7188989184168781 0.3877301422652607 0.03517829849332599 0.03735910378528767
0.0 0.3396076050249098 0.9091964219095021 0.21238339421742383 0.18160715618099577
