0.0 0.18132785687285216 0.3377850958908155 0.3626557137457043 0.24182845542086503
0.0 0.1761194918642786 0.4693445910201567 0.22661340225828305 0.17154743288508723
0.0 0.37317367870022145 0.6282130568278654 0.2210727148735963 0.1963613407051844
0.0 0.16253340349541692 0.784114979080035 0.32506680699083385 0.27840055969031186
0.0 0.6374269703814232 0.5025132268514778 0.09491339297161194 0.08658064911983898
0.0 0.851059732453094 0.3832690683877901 0.18438309517454732 0.13821909576500635
0.0 0.382483470139523 0.12325179211447515 0.0942693014973206 0.059804331225470256
0.0 0.7477709266797115 0.1139450670639997 0.07656862943261722 0.05750954134370691
0.0 0.7879949937410188 0.2315952174311545 0.0801925375573298 0.048694906930777326
0.0 0.8078024233654502 0.26463773394048584 0.0815777479956098 0.04249144222071727
